  1.0000000e+009 -5.1829786e-007 -7.8299982e-003
  1.0100000e+009  6.9001592e-006 -7.9328565e-003
  1.0200000e+009  1.4004963e-005 -8.0296307e-003
  1.0300000e+009  2.3531999e-006 -8.1206471e-003
  1.0400000e+009 -8.8551526e-007 -8.2074977e-003
  1.0500000e+009 -9.5269458e-006 -8.2890559e-003
  1.0600000e+009  1.5778049e-006 -8.3654883e-003
  1.0700000e+009 -1.5162604e-007 -8.4460486e-003
  1.0800000e+009  6.9708348e-006 -8.5325572e-003
  1.0900000e+009  7.7932153e-006 -8.6311869e-003
  1.1000000e+009  4.7580359e-006 -8.7172798e-003
  1.1100000e+009  1.2897716e-005 -8.7976067e-003
  1.1200000e+009  1.6933991e-005 -8.8865202e-003
  1.1300000e+009  2.1145815e-005 -8.9901521e-003
  1.1400000e+009  1.9068235e-005 -9.1004693e-003
  1.1500000e+009  2.2996790e-005 -9.2054936e-003
  1.1600000e+009 -1.0500703e-006 -9.2829572e-003
  1.1700000e+009 -3.0257623e-006 -9.3547036e-003
  1.1800000e+009 -5.5249769e-006 -9.4341267e-003
  1.1900000e+009  1.5258230e-005 -9.5129274e-003
  1.2000000e+009  3.3939465e-005 -9.6085911e-003
  1.2100000e+009  2.5734216e-005 -9.6967211e-003
  1.2200000e+009  2.2889928e-005 -9.8009090e-003
  1.2300000e+009  3.2271546e-005 -9.8917044e-003
  1.2400000e+009  3.8262297e-005 -9.9923096e-003
  1.2500000e+009  4.2070475e-005 -1.0091603e-002
  1.2600000e+009  3.3173282e-005 -1.0207843e-002
  1.2700000e+009  2.0597643e-005 -1.0324572e-002
  1.2800000e+009 -2.9773291e-006 -1.0403871e-002
  1.2900000e+009 -1.6901297e-005 -1.0460704e-002
  1.3000000e+009 -2.4515139e-005 -1.0538035e-002
  1.3100000e+009 -2.1486552e-006 -1.0630978e-002
  1.3200000e+009  8.8341412e-006 -1.0719810e-002
  1.3300000e+009  1.0446423e-005 -1.0825220e-002
  1.3400000e+009  1.6485905e-005 -1.0934736e-002
  1.3500000e+009  1.4098606e-005 -1.1039233e-002
  1.3600000e+009  9.0150625e-006 -1.1133140e-002
  1.3700000e+009  6.2568916e-006 -1.1230632e-002
  1.3800000e+009  9.0390494e-006 -1.1314861e-002
  1.3900000e+009  1.7542908e-006 -1.1406228e-002
  1.4000000e+009 -1.2405306e-006 -1.1493497e-002
  1.4100000e+009  1.3730473e-006 -1.1592882e-002
  1.4200000e+009  1.9172465e-005 -1.1695969e-002
  1.4300000e+009  2.0779048e-005 -1.1796652e-002
  1.4400000e+009  2.0869875e-005 -1.1896580e-002
  1.4500000e+009  3.1859983e-005 -1.1996582e-002
  1.4600000e+009  1.6760240e-005 -1.2119168e-002
  1.4700000e+009  1.0241249e-005 -1.2237242e-002
  1.4800000e+009  4.9575447e-007 -1.2326347e-002
  1.4900000e+009 -7.3702312e-006 -1.2419544e-002
  1.5000000e+009 -5.6607377e-006 -1.2521743e-002
  1.5100000e+009 -6.0865588e-006 -1.2608188e-002
  1.5200000e+009  5.7174004e-006 -1.2691706e-002
  1.5300000e+009  7.1743578e-006 -1.2797988e-002
  1.5400000e+009  2.3535370e-005 -1.2936823e-002
  1.5500000e+009  4.0987199e-005 -1.3073371e-002
  1.5600000e+009  2.2514362e-005 -1.3186714e-002
  1.5700000e+009  9.0895734e-006 -1.3305340e-002
  1.5800000e+009 -6.5698330e-006 -1.3406230e-002
  1.5900000e+009 -1.1678554e-005 -1.3498145e-002
  1.6000000e+009 -3.4516036e-005 -1.3586972e-002
  1.6100000e+009 -2.8252775e-005 -1.3700313e-002
  1.6200000e+009 -2.1670212e-005 -1.3798427e-002
  1.6300000e+009 -2.3874883e-005 -1.3914083e-002
  1.6400000e+009 -8.0870622e-006 -1.4008331e-002
  1.6500000e+009 -8.1825460e-006 -1.4141747e-002
  1.6600000e+009 -9.9249050e-006 -1.4269163e-002
  1.6700000e+009 -2.6053923e-006 -1.4396938e-002
  1.6800000e+009 -1.5531936e-005 -1.4510486e-002
  1.6900000e+009 -4.4084101e-005 -1.4624036e-002
  1.7000000e+009 -7.1510050e-005 -1.4722617e-002
  1.7100000e+009 -5.4200435e-005 -1.4802482e-002
  1.7200000e+009 -2.7484453e-005 -1.4871756e-002
  1.7300000e+009  5.6510568e-007 -1.4981745e-002
  1.7400000e+009  2.4152118e-005 -1.5141914e-002
  1.7500000e+009  1.8942937e-005 -1.5309765e-002
  1.7600000e+009 -3.7423078e-006 -1.5406326e-002
  1.7700000e+009 -1.4631157e-005 -1.5536799e-002
  1.7800000e+009 -2.8126176e-005 -1.5659031e-002
  1.7900000e+009 -2.0491582e-005 -1.5781256e-002
  1.8000000e+009 -3.2614277e-005 -1.5892169e-002
  1.8100000e+009 -4.7770624e-005 -1.6019572e-002
  1.8200000e+009 -6.6817736e-005 -1.6149893e-002
  1.8300000e+009 -7.3563713e-005 -1.6218353e-002
  1.8400000e+009 -1.3758550e-005 -1.6312122e-002
  1.8500000e+009  5.2586185e-005 -1.6387450e-002
  1.8600000e+009  3.4538120e-005 -1.6586999e-002
  1.8700000e+009  2.4906317e-005 -1.6767034e-002
  1.8800000e+009 -1.1156695e-005 -1.6940068e-002
  1.8900000e+009 -1.3330712e-005 -1.7055195e-002
  1.9000000e+009 -4.3009209e-005 -1.7183880e-002
  1.9100000e+009 -3.5308666e-005 -1.7300629e-002
  1.9200000e+009 -6.0146437e-005 -1.7396565e-002
  1.9300000e+009 -6.7722044e-005 -1.7505694e-002
  1.9400000e+009 -5.6115779e-005 -1.7611089e-002
  1.9500000e+009 -3.2806441e-005 -1.7713305e-002
  1.9600000e+009 -5.9116122e-006 -1.7860828e-002
  1.9700000e+009  3.0935614e-005 -1.8002341e-002
  1.9800000e+009  3.3954742e-005 -1.8151891e-002
  1.9900000e+009  3.7491595e-006 -1.8313440e-002
  2.0000000e+009 -1.2632866e-005 -1.8478201e-002
  2.0100000e+009 -2.1564796e-005 -1.8604440e-002
  2.0200000e+009 -5.0270747e-005 -1.8739133e-002
  2.0300000e+009 -5.9600275e-005 -1.8859802e-002
  2.0400000e+009 -8.2829937e-005 -1.8983613e-002
  2.0500000e+009 -7.7344162e-005 -1.9106096e-002
  2.0600000e+009 -4.1004846e-005 -1.9224735e-002
  2.0700000e+009  1.7105632e-006 -1.9365678e-002
  2.0800000e+009  8.2531500e-007 -1.9542622e-002
  2.0900000e+009 -3.0101837e-005 -1.9716341e-002
  2.1000000e+009 -8.4028050e-005 -1.9942602e-002
  2.1100000e+009 -8.0344256e-005 -2.0059878e-002
  2.1200000e+009 -7.4786087e-005 -2.0156567e-002
  2.1300000e+009 -8.3808452e-005 -2.0282028e-002
  2.1400000e+009 -1.0742026e-004 -2.0416181e-002
  2.1500000e+009 -1.5114830e-004 -2.0541118e-002
  2.1600000e+009 -1.1875784e-004 -2.0650929e-002
  2.1700000e+009 -1.2760724e-004 -2.0749729e-002
  2.1800000e+009 -7.6684095e-005 -2.0889759e-002
  2.1900000e+009 -1.4512121e-005 -2.1072464e-002
  2.2000000e+009  6.4228968e-005 -2.1244604e-002
  2.2100000e+009 -2.7104382e-005 -2.1467867e-002
  2.2200000e+009 -1.0832121e-004 -2.1683231e-002
  2.2300000e+009 -1.4954361e-004 -2.1868328e-002
  2.2400000e+009 -1.2794964e-004 -2.1992855e-002
  2.2500000e+009 -1.1780374e-004 -2.2086141e-002
  2.2600000e+009 -1.1066080e-004 -2.2220473e-002
  2.2700000e+009 -8.7255887e-005 -2.2344150e-002
  2.2800000e+009 -7.2980854e-005 -2.2468856e-002
  2.2900000e+009 -4.7928230e-005 -2.2583607e-002
  2.3000000e+009 -9.7950434e-006 -2.2717876e-002
  2.3100000e+009 -5.1514242e-005 -2.2939672e-002
  2.3200000e+009 -9.3708611e-005 -2.3189292e-002
  2.3300000e+009 -1.6812423e-004 -2.3375825e-002
  2.3400000e+009 -2.8207296e-004 -2.3509827e-002
  2.3500000e+009 -4.0277310e-004 -2.3670218e-002
  2.3600000e+009 -3.4087374e-004 -2.3793817e-002
  2.3700000e+009 -2.8511581e-004 -2.3957630e-002
  2.3800000e+009 -2.5509914e-004 -2.4096471e-002
  2.3900000e+009 -2.4403688e-004 -2.4307909e-002
  2.4000000e+009 -2.0905935e-004 -2.4474161e-002
  2.4100000e+009 -1.9686952e-004 -2.4600171e-002
  2.4200000e+009 -2.1683063e-004 -2.4754393e-002
  2.4300000e+009 -2.1182363e-004 -2.4942847e-002
  2.4400000e+009 -2.3025064e-004 -2.5187634e-002
  2.4500000e+009 -2.8071509e-004 -2.5456063e-002
  2.4600000e+009 -3.4619077e-004 -2.5585706e-002
  2.4700000e+009 -4.6041926e-004 -2.5765390e-002
  2.4800000e+009 -4.6637945e-004 -2.5873856e-002
  2.4900000e+009 -4.5865698e-004 -2.5915249e-002
  2.5000000e+009 -4.4017436e-004 -2.5978515e-002
  2.5100000e+009 -3.0910005e-004 -2.6268155e-002
  2.5200000e+009 -1.4803794e-004 -2.6581422e-002
  2.5300000e+009 -1.7564284e-004 -2.6866884e-002
  2.5400000e+009 -3.0110959e-004 -2.7076348e-002
  2.5500000e+009 -4.3802467e-004 -2.7315605e-002
  2.5600000e+009 -5.1249140e-004 -2.7478817e-002
  2.5700000e+009 -5.7561776e-004 -2.7674657e-002
  2.5800000e+009 -5.9527878e-004 -2.7890007e-002
  2.5900000e+009 -6.2591588e-004 -2.8063696e-002
  2.6000000e+009 -6.2679185e-004 -2.8229148e-002
  2.6100000e+009 -5.8667187e-004 -2.8344742e-002
  2.6200000e+009 -5.7098559e-004 -2.8468075e-002
  2.6300000e+009 -5.0037815e-004 -2.8628885e-002
  2.6400000e+009 -4.5065462e-004 -2.8939517e-002
  2.6500000e+009 -4.2919023e-004 -2.9217590e-002
  2.6600000e+009 -5.2687372e-004 -2.9485635e-002
  2.6700000e+009 -6.3173545e-004 -2.9772699e-002
  2.6800000e+009 -7.4186050e-004 -2.9909645e-002
  2.6900000e+009 -8.3445570e-004 -3.0099238e-002
  2.7000000e+009 -9.4277293e-004 -3.0245947e-002
  2.7100000e+009 -8.5769584e-004 -3.0405292e-002
  2.7200000e+009 -8.0164885e-004 -3.0599690e-002
  2.7300000e+009 -6.9188448e-004 -3.0739014e-002
  2.7400000e+009 -5.2506496e-004 -3.0996279e-002
  2.7500000e+009 -3.8386046e-004 -3.1223925e-002
  2.7600000e+009 -4.5331852e-004 -3.1581705e-002
  2.7700000e+009 -5.7779863e-004 -3.2041358e-002
  2.7800000e+009 -6.8780248e-004 -3.2308093e-002
  2.7900000e+009 -7.7493734e-004 -3.2441421e-002
  2.8000000e+009 -8.2185836e-004 -3.2565480e-002
  2.8100000e+009 -8.9669754e-004 -3.2844456e-002
  2.8200000e+009 -9.5189402e-004 -3.3076399e-002
  2.8300000e+009 -9.1945470e-004 -3.3292016e-002
  2.8400000e+009 -8.9795375e-004 -3.3481876e-002
  2.8500000e+009 -8.5952350e-004 -3.3645493e-002
  2.8600000e+009 -6.8499986e-004 -3.4048560e-002
  2.8700000e+009 -4.8214283e-004 -3.4422050e-002
  2.8800000e+009 -5.3762724e-004 -3.4777290e-002
  2.8900000e+009 -8.1744522e-004 -3.5138414e-002
  2.9000000e+009 -1.0610588e-003 -3.5529808e-002
  2.9100000e+009 -1.1437746e-003 -3.5577176e-002
  2.9200000e+009 -1.2178279e-003 -3.5618165e-002
  2.9300000e+009 -1.2730339e-003 -3.5765741e-002
  2.9400000e+009 -1.1561766e-003 -3.5995518e-002
  2.9500000e+009 -1.0515835e-003 -3.6310606e-002
  2.9600000e+009 -9.1976779e-004 -3.6565767e-002
  2.9700000e+009 -7.7263942e-004 -3.6864216e-002
  2.9800000e+009 -6.9031201e-004 -3.7261394e-002
  2.9900000e+009 -7.0715304e-004 -3.7711539e-002
  3.0000000e+009 -6.0503131e-004 -3.8254574e-002
  3.0100000e+009 -9.0063791e-004 -3.8421704e-002
  3.0200000e+009 -1.2722038e-003 -3.8681622e-002
  3.0300000e+009 -1.4249924e-003 -3.8855011e-002
  3.0400000e+009 -1.4418429e-003 -3.9082943e-002
  3.0500000e+009 -1.4046689e-003 -3.9215926e-002
  3.0600000e+009 -1.4271645e-003 -3.9346785e-002
  3.0700000e+009 -1.4238581e-003 -3.9560820e-002
  3.0800000e+009 -1.2622666e-003 -3.9856274e-002
  3.0900000e+009 -1.0456576e-003 -4.0162938e-002
  3.1000000e+009 -7.2386617e-004 -4.0511035e-002
  3.1100000e+009 -9.1302435e-004 -4.1145225e-002
  3.1200000e+009 -1.1311284e-003 -4.1811701e-002
  3.1300000e+009 -1.3865775e-003 -4.2012232e-002
  3.1400000e+009 -1.5593141e-003 -4.2004060e-002
  3.1500000e+009 -1.7886778e-003 -4.2066589e-002
  3.1600000e+009 -1.5310710e-003 -4.2315204e-002
  3.1700000e+009 -1.3371332e-003 -4.2541228e-002
  3.1800000e+009 -1.1970947e-003 -4.2887293e-002
  3.1900000e+009 -1.1523220e-003 -4.3404758e-002
  3.2000000e+009 -1.0504512e-003 -4.3866146e-002
  3.2100000e+009 -1.0219991e-003 -4.4341755e-002
  3.2200000e+009 -1.0217866e-003 -4.4686579e-002
  3.2300000e+009 -1.2061499e-003 -4.5234601e-002
  3.2400000e+009 -1.4401930e-003 -4.5840778e-002
  3.2500000e+009 -1.8012091e-003 -4.6436095e-002
  3.2600000e+009 -1.9211326e-003 -4.6290985e-002
  3.2700000e+009 -1.9915253e-003 -4.6225545e-002
  3.2800000e+009 -1.9637191e-003 -4.6412072e-002
  3.2900000e+009 -1.4197525e-003 -4.6727202e-002
  3.3000000e+009 -1.1160948e-003 -4.7032460e-002
  3.3100000e+009 -1.0835028e-003 -4.7782173e-002
  3.3200000e+009 -1.0256923e-003 -4.8533177e-002
  3.3300000e+009 -1.1417881e-003 -4.9140770e-002
  3.3400000e+009 -1.3127830e-003 -4.9482261e-002
  3.3500000e+009 -1.6788196e-003 -4.9848849e-002
  3.3600000e+009 -1.9308013e-003 -5.0232712e-002
  3.3700000e+009 -2.2118557e-003 -5.0647362e-002
  3.3800000e+009 -2.2570151e-003 -5.0801695e-002
  3.3900000e+009 -2.3894882e-003 -5.0801981e-002
  3.4000000e+009 -2.4220756e-003 -5.0754856e-002
  3.4100000e+009 -1.8825637e-003 -5.1290015e-002
  3.4200000e+009 -1.2139838e-003 -5.1855857e-002
  3.4300000e+009 -1.0539146e-003 -5.2746698e-002
  3.4400000e+009 -1.2521373e-003 -5.3675722e-002
  3.4500000e+009 -1.5598186e-003 -5.4683253e-002
  3.4600000e+009 -1.8091006e-003 -5.4910765e-002
  3.4700000e+009 -2.0436658e-003 -5.5016818e-002
  3.4800000e+009 -2.0745990e-003 -5.5265957e-002
  3.4900000e+009 -2.1254986e-003 -5.5606859e-002
  3.5000000e+009 -2.0602725e-003 -5.5917909e-002
  3.5100000e+009 -2.0044294e-003 -5.6427897e-002
  3.5200000e+009 -1.8412360e-003 -5.6784402e-002
  3.5300000e+009 -1.6263476e-003 -5.7536440e-002
  3.5400000e+009 -1.2251937e-003 -5.8502434e-002
  3.5500000e+009 -7.4718455e-004 -5.9802773e-002
  3.5600000e+009 -1.8054006e-003 -6.0507893e-002
  3.5700000e+009 -2.6621878e-003 -6.1311039e-002
  3.5800000e+009 -3.2855598e-003 -6.1653091e-002
  3.5900000e+009 -3.5033901e-003 -6.1867560e-002
  3.6000000e+009 -3.7351766e-003 -6.2176799e-002
  3.6100000e+009 -3.4966642e-003 -6.2230593e-002
  3.6200000e+009 -3.2948881e-003 -6.2126590e-002
  3.6300000e+009 -2.9435972e-003 -6.2625941e-002
  3.6400000e+009 -2.6007271e-003 -6.3497013e-002
  3.6500000e+009 -2.2677342e-003 -6.4221566e-002
  3.6600000e+009 -2.4140891e-003 -6.5579575e-002
  3.6700000e+009 -2.8323333e-003 -6.7237070e-002
  3.6800000e+009 -3.5135985e-003 -6.8117153e-002
  3.6900000e+009 -4.7201671e-003 -6.8085634e-002
  3.7000000e+009 -5.8466928e-003 -6.8106361e-002
  3.7100000e+009 -5.2575993e-003 -6.8373886e-002
  3.7200000e+009 -4.8069552e-003 -6.8547447e-002
  3.7300000e+009 -4.5497018e-003 -6.9251707e-002
  3.7400000e+009 -4.7184704e-003 -7.0197693e-002
  3.7500000e+009 -4.9129147e-003 -7.1335764e-002
  3.7600000e+009 -4.8269984e-003 -7.2463137e-002
  3.7700000e+009 -4.8393231e-003 -7.3562313e-002
  3.7800000e+009 -5.3453172e-003 -7.4767219e-002
  3.7900000e+009 -6.5798855e-003 -7.5730307e-002
  3.8000000e+009 -7.5931798e-003 -7.6875851e-002
  3.8100000e+009 -7.8527148e-003 -7.6784270e-002
  3.8200000e+009 -8.1951764e-003 -7.6539060e-002
  3.8300000e+009 -8.0516809e-003 -7.6643101e-002
  3.8400000e+009 -7.9544979e-003 -7.6744683e-002
  3.8500000e+009 -7.8710319e-003 -7.6974062e-002
  3.8600000e+009 -7.5428292e-003 -7.7922781e-002
  3.8700000e+009 -6.7019420e-003 -7.9083575e-002
  3.8800000e+009 -6.4335925e-003 -8.0449215e-002
  3.8900000e+009 -6.3650580e-003 -8.2863608e-002
  3.9000000e+009 -6.5345228e-003 -8.5114665e-002
  3.9100000e+009 -8.0701192e-003 -8.5583848e-002
  3.9200000e+009 -9.8996240e-003 -8.6064313e-002
  3.9300000e+009 -1.0794815e-002 -8.6153429e-002
  3.9400000e+009 -1.0561036e-002 -8.6681788e-002
  3.9500000e+009 -1.0395092e-002 -8.6868413e-002
  3.9600000e+009 -1.0007730e-002 -8.8157130e-002
  3.9700000e+009 -9.6767319e-003 -8.9630633e-002
  3.9800000e+009 -9.9030063e-003 -9.0817462e-002
  3.9900000e+009 -1.0611037e-002 -9.2471985e-002
  4.0000000e+009 -1.1360264e-002 -9.4315785e-002
  4.0100000e+009 -1.1900456e-002 -9.5056283e-002
  4.0200000e+009 -1.2605937e-002 -9.5582827e-002
  4.0300000e+009 -1.3115209e-002 -9.6523905e-002
  4.0400000e+009 -1.3772460e-002 -9.7560056e-002
  4.0500000e+009 -1.4202040e-002 -9.8747193e-002
  4.0600000e+009 -1.3841082e-002 -9.9215602e-002
  4.0700000e+009 -1.3382359e-002 -1.0008222e-001
  4.0800000e+009 -1.3206954e-002 -1.0158432e-001
  4.0900000e+009 -1.2817523e-002 -1.0326605e-001
  4.1000000e+009 -1.2470213e-002 -1.0521723e-001
  4.1100000e+009 -1.3514669e-002 -1.0696988e-001
  4.1200000e+009 -1.4320987e-002 -1.0894081e-001
  4.1300000e+009 -1.5685711e-002 -1.1023542e-001
  4.1400000e+009 -1.7172594e-002 -1.1127842e-001
  4.1500000e+009 -1.9536733e-002 -1.1226063e-001
  4.1600000e+009 -1.9144648e-002 -1.1239222e-001
  4.1700000e+009 -1.9745789e-002 -1.1203086e-001
  4.1800000e+009 -1.9009337e-002 -1.1234120e-001
  4.1900000e+009 -1.6600966e-002 -1.1391567e-001
  4.2000000e+009 -1.4554014e-002 -1.1550376e-001
  4.2100000e+009 -1.5403805e-002 -1.1919389e-001
  4.2200000e+009 -1.6624171e-002 -1.2264480e-001
  4.2300000e+009 -1.8023559e-002 -1.2461990e-001
  4.2400000e+009 -1.9750405e-002 -1.2488585e-001
  4.2500000e+009 -2.2164314e-002 -1.2532125e-001
  4.2600000e+009 -2.2021346e-002 -1.2584622e-001
  4.2700000e+009 -2.1667978e-002 -1.2708748e-001
  4.2800000e+009 -2.1712211e-002 -1.2828832e-001
  4.2900000e+009 -2.2749745e-002 -1.2895250e-001
  4.3000000e+009 -2.3612229e-002 -1.3019733e-001
  4.3100000e+009 -2.2741646e-002 -1.3216221e-001
  4.3200000e+009 -2.1035811e-002 -1.3463254e-001
  4.3300000e+009 -2.1133852e-002 -1.3822717e-001
  4.3400000e+009 -2.3166234e-002 -1.4253732e-001
  4.3500000e+009 -2.5810930e-002 -1.4639114e-001
  4.3600000e+009 -2.7968033e-002 -1.4531190e-001
  4.3700000e+009 -2.9808999e-002 -1.4375533e-001
  4.3800000e+009 -3.0321887e-002 -1.4424804e-001
  4.3900000e+009 -2.9608555e-002 -1.4689005e-001
  4.4000000e+009 -2.8658700e-002 -1.4891346e-001
  4.4100000e+009 -2.8350653e-002 -1.5190684e-001
  4.4200000e+009 -2.9160284e-002 -1.5430444e-001
  4.4300000e+009 -2.9463876e-002 -1.5722437e-001
  4.4400000e+009 -3.0233034e-002 -1.6100549e-001
  4.4500000e+009 -3.0799299e-002 -1.6449135e-001
  4.4600000e+009 -3.6042746e-002 -1.6872663e-001
  4.4700000e+009 -4.0441396e-002 -1.7273421e-001
  4.4800000e+009 -4.4169274e-002 -1.7424988e-001
  4.4900000e+009 -4.6699233e-002 -1.7171643e-001
  4.5000000e+009 -4.9688373e-002 -1.6997569e-001
  4.5100000e+009 -5.0035262e-002 -1.7252394e-001
  4.5200000e+009 -4.8242348e-002 -1.7675594e-001
  4.5300000e+009 -4.9058070e-002 -1.8041472e-001
  4.5400000e+009 -5.0009797e-002 -1.8441615e-001
  4.5500000e+009 -4.9728158e-002 -1.8834163e-001
  4.5600000e+009 -5.3752474e-002 -1.8973168e-001
  4.5700000e+009 -5.5743777e-002 -1.9306562e-001
  4.5800000e+009 -6.0193099e-002 -1.9455903e-001
  4.5900000e+009 -6.3774481e-002 -1.9677219e-001
  4.6000000e+009 -6.7659719e-002 -1.9900162e-001
  4.6100000e+009 -7.1001747e-002 -2.0012381e-001
  4.6200000e+009 -7.2588469e-002 -1.9976092e-001
  4.6300000e+009 -7.5512493e-002 -2.0322026e-001
  4.6400000e+009 -7.9908198e-002 -2.0923087e-001
  4.6500000e+009 -8.3097724e-002 -2.1576051e-001
  4.6600000e+009 -8.5980856e-002 -2.1856427e-001
  4.6700000e+009 -9.1674816e-002 -2.2128686e-001
  4.6800000e+009 -9.3936073e-002 -2.2623344e-001
  4.6900000e+009 -9.8476490e-002 -2.3207862e-001
  4.7000000e+009 -1.0450315e-001 -2.3949891e-001
  4.7100000e+009 -1.0826412e-001 -2.4176479e-001
  4.7200000e+009 -1.1196008e-001 -2.4181227e-001
  4.7300000e+009 -1.1558668e-001 -2.4267959e-001
  4.7400000e+009 -1.1558602e-001 -2.4391260e-001
  4.7500000e+009 -1.1618549e-001 -2.4614711e-001
  4.7600000e+009 -1.2490018e-001 -2.5580817e-001
  4.7700000e+009 -1.3663310e-001 -2.6436455e-001
  4.7800000e+009 -1.4872130e-001 -2.6639135e-001
  4.7900000e+009 -1.5820834e-001 -2.6282231e-001
  4.8000000e+009 -1.6715073e-001 -2.5895313e-001
  4.8100000e+009 -1.7431918e-001 -2.6558973e-001
  4.8200000e+009 -1.8143376e-001 -2.7309802e-001
  4.8300000e+009 -1.8784732e-001 -2.7501053e-001
  4.8400000e+009 -1.9189811e-001 -2.7443404e-001
  4.8500000e+009 -1.9720263e-001 -2.7123006e-001
  4.8600000e+009 -1.9977915e-001 -2.7692883e-001
  4.8700000e+009 -2.0236923e-001 -2.8259815e-001
  4.8800000e+009 -2.0826193e-001 -2.9451719e-001
  4.8900000e+009 -2.2326554e-001 -3.0458083e-001
  4.9000000e+009 -2.3735400e-001 -3.2211417e-001
  4.9100000e+009 -2.4177905e-001 -3.1523071e-001
  4.9200000e+009 -2.4453505e-001 -3.1647823e-001
  4.9300000e+009 -2.5726262e-001 -3.1116903e-001
  4.9400000e+009 -2.7566687e-001 -3.1936625e-001
  4.9500000e+009 -2.9607563e-001 -3.2642398e-001
  4.9600000e+009 -3.0692787e-001 -2.9883277e-001
  4.9700000e+009 -3.1665959e-001 -2.8491162e-001
  4.9800000e+009 -3.2171453e-001 -2.7281010e-001
  4.9900000e+009 -3.2742152e-001 -2.8133331e-001
  5.0000000e+009 -3.3279535e-001 -2.9437212e-001
  5.0100000e+009 -3.5785081e-001 -3.1046924e-001
  5.0200000e+009 -3.8570602e-001 -3.2850102e-001
  5.0300000e+009 -4.1405158e-001 -3.3961561e-001
  5.0400000e+009 -4.4073343e-001 -3.4895879e-001
  5.0500000e+009 -4.6792547e-001 -3.5086630e-001
  5.0600000e+009 -5.0828734e-001 -3.3622405e-001
  5.0700000e+009 -5.4123704e-001 -3.0563343e-001
  5.0800000e+009 -5.5742608e-001 -2.8147798e-001
  5.0900000e+009 -5.4117072e-001 -2.5315419e-001
  5.1000000e+009 -5.2409520e-001 -2.2866858e-001
  5.1100000e+009 -5.6668097e-001 -2.5129941e-001
  5.1200000e+009 -6.0877901e-001 -2.6990865e-001
  5.1300000e+009 -6.7026608e-001 -2.4518783e-001
  5.1400000e+009 -6.9188101e-001 -1.3907206e-001
  5.1500000e+009 -6.9298514e-001 -4.0280131e-002
  5.1600000e+009 -6.7654626e-001 -3.1145140e-002
  5.1700000e+009 -6.6111215e-001 -2.1656194e-002
  5.1800000e+009 -6.4920147e-001  1.9870721e-002
  5.1900000e+009 -6.4486009e-001  9.6361928e-002
  5.2000000e+009 -6.0652061e-001  1.5897323e-001
  5.2100000e+009 -5.9807682e-001  1.2951721e-001
  5.2200000e+009 -5.9573323e-001  1.0284868e-001
  5.2300000e+009 -6.0419244e-001  1.0553297e-001
  5.2400000e+009 -6.5575017e-001  1.4970971e-001
  5.2500000e+009 -7.0023100e-001  2.0544757e-001
  5.2600000e+009 -5.9268073e-001  2.5940066e-001
  5.2700000e+009 -5.0185790e-001  2.8373111e-001
  5.2800000e+009 -4.6890851e-001  2.8325469e-001
  5.2900000e+009 -4.8127955e-001  2.7238038e-001
  5.3000000e+009 -4.9296240e-001  2.6176229e-001
  5.3100000e+009 -4.6905390e-001  2.7309490e-001
  5.3200000e+009 -4.4131430e-001  2.7078950e-001
  5.3300000e+009 -4.3424956e-001  2.7288103e-001
  5.3400000e+009 -4.4204743e-001  2.6397568e-001
  5.3500000e+009 -4.4971572e-001  2.5495328e-001
  5.3600000e+009 -4.2590184e-001  3.2443916e-001
  5.3700000e+009 -3.8328373e-001  3.7897627e-001
  5.3800000e+009 -3.3360623e-001  3.7219583e-001
  5.3900000e+009 -2.9248949e-001  3.1879957e-001
  5.4000000e+009 -2.6122547e-001  2.8311311e-001
  5.4100000e+009 -2.8865681e-001  2.9005108e-001
  5.4200000e+009 -3.2213729e-001  2.9084715e-001
  5.4300000e+009 -3.3504039e-001  3.0830322e-001
  5.4400000e+009 -3.1940272e-001  3.0815833e-001
  5.4500000e+009 -3.0382192e-001  3.2211764e-001
  5.4600000e+009 -3.0856465e-001  3.4325448e-001
  5.4700000e+009 -3.0661050e-001  3.5325955e-001
  5.4800000e+009 -2.8826583e-001  3.7319108e-001
  5.4900000e+009 -2.5077010e-001  3.7929587e-001
  5.5000000e+009 -2.1933172e-001  3.8168297e-001
  5.5100000e+009 -2.1274226e-001  3.5654982e-001
  5.5200000e+009 -2.0871091e-001  3.3522631e-001
  5.5300000e+009 -2.0434532e-001  3.2814065e-001
  5.5400000e+009 -2.0396397e-001  3.3486868e-001
  5.5500000e+009 -1.9938353e-001  3.4042349e-001
  5.5600000e+009 -2.1844681e-001  3.3972318e-001
  5.5700000e+009 -2.3599301e-001  3.4592372e-001
  5.5800000e+009 -2.2838411e-001  3.6141447e-001
  5.5900000e+009 -1.9282711e-001  3.9585380e-001
  5.6000000e+009 -1.4334338e-001  4.3267548e-001
  5.6100000e+009 -1.2032823e-001  3.7547617e-001
  5.6200000e+009 -1.0080604e-001  3.3371601e-001
  5.6300000e+009 -1.0601573e-001  3.2159158e-001
  5.6400000e+009 -1.3970465e-001  3.2491943e-001
  5.6500000e+009 -1.7175883e-001  3.2262446e-001
  5.6600000e+009 -1.5850285e-001  3.5162744e-001
  5.6700000e+009 -1.3975278e-001  3.8132837e-001
  5.6800000e+009 -1.2653435e-001  3.8488131e-001
  5.6900000e+009 -1.1478718e-001  3.7505295e-001
  5.7000000e+009 -1.0378999e-001  3.6550315e-001
  5.7100000e+009 -8.9470005e-002  3.5671898e-001
  5.7200000e+009 -7.5565555e-002  3.4439230e-001
  5.7300000e+009 -7.2034016e-002  3.3141705e-001
  5.7400000e+009 -8.3137041e-002  3.0804172e-001
  5.7500000e+009 -9.4505024e-002  2.8608921e-001
  5.7600000e+009 -1.0328954e-001  3.0743858e-001
  5.7700000e+009 -1.1327179e-001  3.3297516e-001
  5.7800000e+009 -1.0668156e-001  3.4080051e-001
  5.7900000e+009 -8.4783187e-002  3.3122818e-001
  5.8000000e+009 -6.4477153e-002  3.1817774e-001
  5.8100000e+009 -6.2723367e-002  3.2388703e-001
  5.8200000e+009 -6.0882494e-002  3.2313985e-001
  5.8300000e+009 -5.7790944e-002  3.1937917e-001
  5.8400000e+009 -4.3605784e-002  3.0871332e-001
  5.8500000e+009 -3.3989278e-002  2.9702733e-001
  5.8600000e+009 -5.3684443e-002  2.9500353e-001
  5.8700000e+009 -7.4194911e-002  2.9129310e-001
  5.8800000e+009 -8.2411807e-002  2.9557849e-001
  5.8900000e+009 -7.3907002e-002  3.0873098e-001
  5.9000000e+009 -6.3917782e-002  3.2878819e-001
  5.9100000e+009 -5.5521590e-002  3.0624369e-001
  5.9200000e+009 -4.6518414e-002  2.8731002e-001
  5.9300000e+009 -4.0552804e-002  2.8039969e-001
  5.9400000e+009 -3.6968678e-002  2.8628980e-001
  5.9500000e+009 -2.9634830e-002  2.8835495e-001
  5.9600000e+009 -3.7039814e-002  2.7164066e-001
  5.9700000e+009 -3.9871234e-002  2.5896369e-001
  5.9800000e+009 -4.4644733e-002  2.5788884e-001
  5.9900000e+009 -4.9809157e-002  2.7124345e-001
  6.0000000e+009 -5.1708249e-002  2.8782754e-001
